1.975256 2.763411 0.014
2.027989 2.950966 0.014
1.94585 2.842807 0.015
1.945343 2.702178 0.017
1.992695 2.998565 0.015
2.024414 2.989914 0.015
1.899071 2.473577 0.014
1.690957 2.484868 0.014
1.906626 3.018237 0.015
1.967885 2.887225 0.016
NaN NaN 0.014
2.081109 2.739735 0.016
1.873019 2.695933 0.015
2.070386 2.998801 0.015
1.942117 3.08891 0.016
1.824383 2.68865 0.013
2.067992 3.010963 0.014
1.939716 3.15898 0.015
2.119849 2.563921 0.015
2.072557 3.213123 0.017
1.910419 2.906371 0.014
1.748323 2.973856 0.014
1.855211 2.851005 0.015
2.305581 3.290293 0.015
2.020182 2.631532 0.015
1.936892 2.709972 0.015
1.928175 3.223304 0.013
1.983782 3.024451 0.015
1.868546 2.906769 0.014
1.896084 2.513249 0.013
1.839464 2.711215 0.015
2.156923 3.06225 0.018
1.833354 2.56622 0.017
2.212786 3.231019 0.014
2.05662 2.587154 0.014
1.833467 2.797013 0.014
1.986812 2.932317 0.016
1.948606 2.675031 0.015
2.075157 3.018673 0.015
2.028555 2.746274 0.014
2.060129 2.914276 0.013
1.672286 2.50034 0.015
2.088116 3.125181 0.015
1.87885 3.030569 0.014
2.014782 2.950172 0.017
1.869272 2.926192 0.013
1.866519 2.748336 0.014
1.778644 2.585738 0.013
1.814829 2.657999 0.014
1.784311 2.631476 0.015
1.919971 2.760687 0.014
1.909231 2.678108 0.015
1.744072 2.755273 0.015
1.848836 2.880426 0.013
1.965081 2.916337 0.015
1.917794 3.044193 0.015
2.004361 2.879584 0.015
1.954377 2.925989 0.015
1.956295 2.423605 0.015
1.92361 2.889684 0.014
1.953555 2.756585 0.015
2.037834 2.879126 0.016
1.826503 2.708586 0.014
1.916578 2.819676 0.015
2.077391 2.953506 0.015
1.830658 2.52959 0.014
1.999859 2.580891 0.014
2.130345 2.729664 0.014
1.896134 2.971881 0.013
1.954704 2.888277 0.015
2.302807 3.305818 0.016
2.331658 3.250728 0.014
1.969317 2.804382 0.015
2.031583 2.804076 0.015
1.966393 2.89422 0.014
2.275381 3.182307 0.014
1.891614 2.774765 0.017
1.924371 2.879263 0.014
2.159573 2.652958 0.012
1.903353 2.453861 0.015
1.856226 2.540399 0.014
1.778748 2.317692 0.014
1.759516 2.539553 0.017
1.974869 2.650664 0.016
1.921909 2.546321 0.016
1.878273 2.777477 0.014
1.667385 2.679367 0.015
1.984661 2.541675 0.015
2.064247 2.958504 0.016
1.992577 2.885572 0.013
1.890555 2.914142 0.014
1.785202 2.71058 0.014
2.069478 3.024328 0.013
2.271421 3.093229 0.016
1.779996 2.555671 0.013
2.034371 2.784446 0.016
1.998379 3.18592 0.014
1.886648 2.88647 0.014
1.731821 2.571127 0.015
1.998709 2.562261 0.016
2.007377 2.958184 0.016
2.134069 3.111327 0.015
1.901713 2.747237 0.014
2.038988 2.433941 0.014
2.025543 2.938858 0.014
1.806194 2.689754 0.015
1.760139 2.543981 0.014
1.902311 2.740445 0.014
1.854898 2.807147 0.017
1.843729 2.683914 0.017
2.060248 2.8331 0.013
2.105619 2.983707 0.016
1.709496 2.477147 0.016
2.169291 2.977644 0.015
1.658985 2.890274 0.013
2.071303 2.913179 0.015
2.010421 2.962995 0.015
1.738375 2.765723 0.014
1.866547 2.657789 0.014
1.876716 2.799028 0.015
1.92529 2.922874 0.013
1.93199 2.875705 0.014
1.814945 2.792995 0.017
2.003561 2.480348 0.014
2.122259 3.025208 0.021
2.258199 2.864682 0.015
1.806893 2.828596 0.015
1.993865 2.747266 0.014
1.747612 2.789935 0.016
1.99075 2.882554 0.014
1.82738 2.964355 0.014
2.08771 3.065492 0.016
1.889061 2.919309 0.014
1.869343 2.69772 0.015
2.041553 3.056957 0.018
1.978155 2.851753 0.015
2.10194 2.995004 0.014
1.951543 2.606291 0.014
1.959437 2.837056 0.014
1.871251 2.697438 0.015
1.788668 2.6743 0.018
2.041309 3.158254 0.013
1.968094 3.004122 0.015
1.685613 2.457996 0.014
2.03304 2.780581 0.016
1.774427 2.667563 0.013
1.982012 2.827765 0.015
1.910115 2.733441 0.014
2.079417 2.890083 0.014
1.880467 2.809373 0.013
1.866308 2.732209 0.013
1.982999 2.973146 0.016
2.061038 2.964426 0.015
2.094362 3.200782 0.017
2.029353 2.962484 0.016
1.854349 2.542951 0.012
1.930376 2.690866 0.013
2.065853 2.97442 0.013
2.072874 2.87177 0.013
1.967828 2.902736 0.016
1.82125 2.439047 0.013
2.176886 3.159157 0.013
1.909339 2.83352 0.015
2.064168 3.202396 0.014
1.808954 2.65299 0.015
1.800348 2.788043 0.015
1.837987 2.246227 0.013
1.99038 2.601391 0.013
1.562738 2.490785 0.013
1.909417 2.940729 0.012
2.325432 3.379594 0.014
1.812921 2.702685 0.013
1.981657 2.96073 0.012
1.909632 2.667776 0.014
2.058664 2.952088 0.013
2.118952 3.005873 0.016
1.82623 2.505907 0.014
1.967261 2.749994 0.013
1.836287 2.887474 0.012
1.891188 2.790498 0.017
1.793013 2.648105 0.015
1.995356 2.838642 0.013
1.926662 2.659219 0.019
1.95161 2.702549 0.014
2.134437 2.994048 0.016
2.116013 3.075971 0.018
2.027445 2.831939 0.014
1.864728 2.655242 0.013
1.942733 2.747546 0.015
2.022176 2.828794 0.012
1.877851 3.056153 0.014
1.877723 2.636784 0.015
2.057602 2.951824 0.016
1.91809 2.851151 0.015
2.123861 2.975718 0.015
2.16662 2.956237 0.014
2.047992 2.918618 0.013
1.713134 2.546475 0.014
1.760365 2.622045 0.014
2.020724 2.849212 0.013
2.207536 2.539238 0.015
1.940682 2.837218 0.014
1.905344 2.599667 0.014
1.972007 2.954151 0.014
2.111744 3.02944 0.012
2.045714 3.036615 0.012
1.922745 2.992314 0.013
1.903602 2.860124 0.013
1.974649 2.842563 0.015
1.793091 2.698813 0.014
2.182268 3.157272 0.014
1.937032 3.050223 0.014
1.867336 2.707443 0.013
1.848337 2.74995 0.013
1.889946 2.767478 0.013
1.745511 2.337432 0.014
1.917894 2.559101 0.014
1.71364 2.699743 0.014
2.13644 2.987318 0.015
2.021562 2.976434 0.014
1.919496 2.997981 0.012
2.173235 2.938658 0.014
1.943435 2.926264 0.02
1.969543 2.578228 0.013
1.978101 2.953717 0.015
2.088875 2.817496 0.017
1.777116 2.618246 0.017
1.861032 2.633594 0.014
1.967273 3.030312 0.015
2.037796 3.247619 0.014
2.086132 2.951307 0.014
2.004053 2.610238 0.013
2.141084 2.711161 0.013
1.897634 2.928748 0.012
2.038129 2.760281 0.012
1.973976 2.660676 0.013
1.972793 2.854509 0.017
2.118921 3.096764 0.014
1.953592 3.053472 0.013
1.959779 2.662613 0.012
2.135965 3.054449 0.013
1.89976 2.883133 0.014
1.948689 2.846446 0.014
1.868652 2.661184 0.015
2.053221 2.97203 0.013
1.867903 2.600622 0.014
1.896293 2.882437 0.014
1.848407 2.86202 0.015
1.802035 2.7069 0.013
1.657818 2.54641 0.015
1.935339 2.724773 0.016
1.84856 2.802327 0.012
2.086977 3.131082 0.015
1.992805 2.911834 0.015
2.032902 2.979881 0.012
1.927012 2.696692 0.014
1.945151 2.934186 0.013
1.953201 2.741269 0.014
2.110534 3.051883 0.012
1.909865 2.896106 0.013
2.028763 3.055318 0.013
2.013996 2.947702 0.013
1.915032 2.844767 0.012
2.127926 2.922463 0.016
1.870283 2.838996 0.014
2.015497 2.857629 0.013
2.257242 3.126304 0.015
2.000984 3.042585 0.014
1.841129 2.411806 0.014
1.949899 2.804903 0.015
1.889118 2.810889 0.015
2.057126 2.83129 0.013
2.107381 2.886741 0.015
1.955054 2.649717 0.013
2.014183 2.672424 0.017
1.723965 2.632985 0.015
1.936218 2.793803 0.017
1.739874 2.6106 0.013
2.12362 3.058669 0.014
1.982847 3.059139 0.014
1.752695 2.40744 0.014
1.956657 2.85271 0.014
1.967375 2.456153 0.014
1.979735 2.817183 0.015
2.028662 2.896061 0.015
1.766632 2.544002 0.015
1.992819 2.74787 0.015
1.881687 2.550353 0.013
1.964265 2.838787 0.014
1.859106 2.598247 0.015
1.752757 2.582136 0.017
1.730613 2.808862 0.012
1.744174 2.451783 0.013
1.80607 2.40256 0.013
1.952596 3.046801 0.013
2.060122 2.943229 0.014
2.03459 2.781363 0.014
1.902854 2.883824 0.014
1.914591 2.789227 0.012
1.828522 2.623255 0.013
1.869727 2.940031 0.014
1.79355 2.693245 0.013
1.862667 2.909014 0.012
1.908682 3.028477 0.015
1.981593 2.904931 0.013
1.955868 2.610554 0.014
1.863587 2.728021 0.014
2.212954 2.897339 0.015
1.989916 2.33164 0.013
1.779545 2.537455 0.014
1.986134 2.753655 0.013
1.930157 3.173245 0.012
2.045856 2.821101 0.013
1.795354 2.870688 0.013
1.943291 2.840188 0.014
1.961652 3.121632 0.014
1.851962 2.596283 0.013
1.866912 2.708259 0.013
1.913221 2.88445 0.013
1.971781 2.903834 0.013
1.666744 2.761881 0.018
1.961191 2.837563 0.014
1.811687 2.9062 0.014
1.870009 2.825011 0.014
2.118638 3.026014 0.014
1.708183 2.633429 0.012
1.952657 2.936706 0.015
2.010663 2.889658 0.014
1.97895 2.851166 0.015
1.960014 2.92764 0.013
1.861484 2.78368 0.015
1.840855 2.766954 0.013
2.166416 2.943374 0.014
2.094627 2.933154 0.015
2.070782 2.827827 0.014
1.946169 3.074927 0.014
1.822153 3.026182 0.013
1.873166 2.649275 0.012
1.807282 2.880684 0.012
2.109112 2.701228 0.015
2.227813 2.635244 0.017
1.954163 2.749115 0.016
2.018492 2.928093 0.014
1.727158 2.749563 0.015
1.916262 2.728982 0.014
1.859138 2.756223 0.015
1.919026 2.914389 0.014
2.083079 2.987186 0.014
1.942184 2.569874 0.015
2.016818 2.759867 0.014
1.904172 2.800248 0.017
1.8785 2.739649 0.018
2.060268 2.809682 0.016
1.893182 2.30418 0.015
1.798905 2.853802 0.013
2.086583 2.665257 0.014
2.105295 2.597614 0.013
1.807089 2.641411 0.015
1.871977 2.694555 0.017
1.515255 2.189496 0.017
2.048414 2.810287 0.016
1.915883 2.49114 0.015
2.140374 2.873895 0.016
1.998536 2.945251 0.015
1.902187 2.89185 0.017
1.875486 2.87605 0.017
1.924672 2.88786 0.014
2.037031 2.973385 0.014
1.988493 2.794869 0.015
1.991458 2.845844 0.016
1.890777 2.856913 0.012
1.975277 2.662835 0.015
2.003213 2.715949 0.015
2.034914 2.754486 0.015
1.881074 2.768234 0.014
1.887241 2.605843 0.017
1.829731 2.906606 0.015
2.18328 2.557626 0.015
2.071066 2.926087 0.014
1.923099 2.663524 0.016
2.129428 3.095519 0.017
2.258941 2.932755 0.016
2.034418 2.97824 0.015
1.903465 2.956661 0.016
1.762928 2.465862 0.016
2.154311 2.616149 0.015
1.895152 2.832691 0.013
1.802563 2.593547 0.016
1.991148 2.862385 0.016
1.940598 2.834862 0.014
2.055885 2.80269 0.016
2.152561 3.064698 0.015
2.045916 3.178401 0.018
1.775066 2.623907 0.016
2.005677 2.880293 0.019
2.029926 2.821916 0.014
2.068384 2.914879 0.016
1.877263 2.709274 0.016
2.01822 2.779132 0.014
2.127635 2.647129 0.015
2.097521 3.09492 0.013
2.096239 3.062942 0.016
1.795471 2.614019 0.015
1.92037 2.994445 0.014
2.334599 3.160298 0.014
1.986845 2.949517 0.017
1.923233 2.597034 0.014
2.002425 2.937638 0.017
1.865622 2.877379 0.016
1.966188 2.746489 0.017
1.943734 2.718914 0.015
1.882315 2.74501 0.013
1.848753 2.631879 0.016
1.894982 2.973751 0.014
1.806851 2.685787 0.014
1.916676 2.871701 0.014
1.681387 2.626233 0.016
2.268141 2.520496 0.016
2.009658 3.013352 0.015
2.081743 2.806393 0.014
1.956502 2.874172 0.015
1.850409 2.803478 0.037
2.072108 2.916584 0.015
2.178099 2.789013 0.016
1.961138 2.804329 0.014
1.982469 3.129333 0.016
1.866033 2.861149 0.015
2.051343 3.030032 0.015
1.979497 2.650826 0.017
2.013824 2.823199 0.014
2.097264 3.089038 0.017
2.013371 2.705555 0.014
1.93295 2.930964 0.017
1.994106 2.885005 0.015
2.077906 2.908063 0.016
1.891135 2.80611 0.015
1.843228 2.612529 0.015
1.857164 2.773712 0.015
1.826461 2.554305 0.014
1.827395 2.906666 0.015
1.957596 2.937845 0.013
1.873173 2.806181 0.015
2.086446 3.137006 0.03
2.079054 2.641349 0.014
1.961686 2.683238 0.015
1.966354 2.736432 0.013
1.655721 2.74828 0.012
2.025778 3.008432 0.013
1.991496 2.997334 0.018
1.953914 2.840719 0.015
1.934628 2.849904 0.013
1.916895 2.753721 0.015
1.627283 2.433087 0.014
2.088893 3.169659 0.013
2.113574 2.897641 0.014
1.846682 2.792988 0.013
2.084129 2.621633 0.016
1.918616 3.218047 0.017
2.071951 2.868993 0.018
1.906819 2.688409 0.013
1.736382 2.583661 0.014
2.053672 3.072956 0.014
1.857842 2.712899 0.015
2.006937 2.678829 0.015
2.092131 2.490859 0.014
2.073764 3.119642 0.015
2.050368 2.500389 0.014
2.108626 3.063679 0.014
1.953761 2.848343 0.014
2.31327 3.076341 0.014
2.022562 2.942724 0.013
2.118378 3.036187 0.013
2.087163 3.250346 0.015
1.983909 2.753995 0.013
2.031585 2.895785 0.013
1.863356 3.017216 0.014
1.896269 2.758205 0.015
2.000255 2.859876 0.016
1.994817 3.039117 0.016
1.599099 2.53784 0.016
2.03288 3.005373 0.014
1.909404 2.923641 0.016
2.132672 3.039921 0.017
1.863588 2.729493 0.017
2.022487 2.710165 0.016
1.84843 2.862766 0.014
1.844764 2.756741 0.015
2.106218 3.031611 0.013
1.990593 2.604367 0.015
2.019751 2.55734 0.017
1.961381 2.930031 0.014
2.191608 3.057891 0.015
2.072687 2.974899 0.017
1.848032 2.540479 0.015
2.160962 3.131714 0.014
1.853088 2.87523 0.013
1.884713 2.467384 0.015
1.845742 2.762285 0.017
1.694229 3.146962 0.015
1.923671 2.686278 0.016
2.028752 2.920426 0.016
1.921119 2.710034 0.012
1.86191 2.708769 0.014
1.918719 2.629126 0.013
1.887634 2.785811 0.013
1.973525 2.652342 0.014
1.911785 2.557915 0.015
1.959488 3.04992 0.014
2.175169 3.106245 0.015
1.807291 2.42411 0.016
1.987984 2.77689 0.014
1.810168 2.597805 0.014
1.581653 2.476047 0.015
2.167897 3.034379 0.015
2.039396 2.915014 0.017
2.022374 2.999305 0.016
1.82381 2.747554 0.016
1.874245 2.629165 0.014
2.051673 3.015731 0.015
1.9953 2.835099 0.014
1.938705 2.74333 0.016
1.902573 2.953248 0.015
2.048997 2.856042 0.015
2.022682 2.847592 0.015
1.743174 2.554627 0.015
2.063958 3.049822 0.015
1.88917 2.786472 0.015
1.972784 2.899533 0.016
1.851611 2.486287 0.017
1.820531 2.587858 0.015
1.916079 2.739513 0.016
1.850366 2.99898 0.015
1.84352 2.530133 0.017
1.996874 2.476854 0.018
1.905492 2.951805 0.016
2.084544 2.966827 0.013
1.817056 2.855801 0.014
1.960469 2.839378 0.016
2.194654 2.776996 0.017
2.064844 2.838721 0.015
1.791443 2.449921 0.016
1.803696 2.64595 0.016
1.88444 2.814858 0.014
1.808999 2.705469 0.015
2.098893 2.872745 0.034
1.963496 3.017589 0.016
1.981202 2.686078 0.016
1.98396 2.597623 0.016
1.976321 3.0635 0.014
1.881153 2.884545 0.014
1.946939 2.890766 0.016
2.028327 2.771546 0.017
2.095356 2.988437 0.019
2.121996 2.944688 0.015
1.885885 2.697188 0.017
1.87292 2.604656 0.015
1.937275 2.741263 0.015
1.847734 2.677992 0.013
1.74027 2.819289 0.015
1.94774 3.172738 0.015
1.985469 2.788923 0.015
1.738828 2.724823 0.016
1.854917 2.793333 0.015
2.077042 2.940123 0.015
2.067301 3.13154 0.014
1.888884 3.019452 0.016
2.053291 3.118607 0.015
2.065548 2.790568 0.015
2.03148 2.849504 0.014
1.973204 2.677053 0.015
1.8647 2.969606 0.016
2.195193 2.795593 0.014
1.794426 2.771166 0.015
1.996823 2.951969 0.015
1.882331 2.849654 0.015
1.792074 2.418614 0.015
1.77766 2.746708 0.015
1.921213 2.568696 0.016
2.038928 2.641782 0.015
2.024942 2.980469 0.014
1.596945 2.557044 0.015
1.942995 3.165742 0.015
1.96785 2.719582 0.015
1.890302 2.871922 0.014
1.980753 2.856645 0.015
2.070799 2.872166 0.014
1.848833 2.303349 0.016
1.984376 3.036605 0.015
1.965933 2.924687 0.017
1.939796 2.925806 0.016
2.094295 2.891812 0.016
2.060804 2.871301 0.015
1.719108 3.073073 0.015
1.93722 2.771348 0.015
1.87698 2.608625 0.015
1.988428 2.888902 0.015
2.03716 2.508243 0.016
2.020593 2.699054 0.014
2.037073 2.859289 0.015
2.152014 3.079831 0.016
2.176237 3.153524 0.015
1.94336 2.904336 0.014
1.908528 2.967833 0.014
1.913376 2.902572 0.016
2.023776 2.787623 0.014
1.90963 2.674034 0.014
1.833538 2.339222 0.015
1.883764 2.604425 0.015
1.888105 3.123943 0.015
2.166545 3.021441 0.017
2.151216 2.925941 0.016
1.957422 2.680384 0.017
1.976711 2.828493 0.02
1.985647 2.251451 0.015
1.897968 2.384261 0.016
1.930785 2.973354 0.014
1.799559 2.276559 0.016
2.134358 2.844621 0.014
2.026388 2.87413 0.014
1.952395 3.078032 0.015
2.007552 2.857915 0.013
1.901419 2.89341 0.014
1.965507 2.684909 0.017
1.884333 2.504667 0.015
2.034361 2.659857 0.017
1.903826 2.684971 0.015
1.99319 2.937973 0.019
1.96492 2.588088 0.018
1.972467 2.511103 0.015
2.008255 2.863962 0.015
1.757491 2.498852 0.016
1.933295 3.000242 0.016
2.01629 2.67027 0.016
2.019213 2.685241 0.018
1.935173 2.710885 0.014
2.047194 2.959765 0.014
2.071874 2.837543 0.016
1.80487 2.706992 0.015
1.974468 2.844958 0.017
1.735997 2.549415 0.015
1.77824 2.577886 0.015
2.243656 3.091672 0.017
1.75517 3.003488 0.016
1.957292 2.919565 0.014
2.015941 2.783804 0.015
1.987421 2.866171 0.014
1.899829 2.683854 0.024
1.954433 2.849484 0.016
1.833924 2.539281 0.014
1.931256 2.727655 0.014
1.808876 2.590085 0.016
2.12094 2.936442 0.015
2.12041 3.229318 0.015
1.767439 2.657795 0.013
1.859022 2.85494 0.015
2.041019 2.768137 0.014
1.899182 3.208324 0.014
1.9613 2.576739 0.014
2.008993 2.989171 0.013
1.993532 3.035306 0.014
1.967375 2.963012 0.013
1.817972 2.76122 0.013
1.901209 2.825412 0.015
1.959276 2.79104 0.014
2.011585 2.858195 0.015
1.988904 2.883906 0.015
2.093781 2.987192 0.015
2.023069 2.780389 0.013
2.110741 3.020514 0.013
2.127832 2.753139 0.014
1.871049 2.691996 0.014
1.921371 2.979867 0.014
1.92604 2.892522 0.014
1.979161 2.848561 0.013
1.815404 2.921842 0.013
1.990984 2.839751 0.013
1.981933 2.691507 0.012
1.871805 2.867594 0.014
1.942236 2.874823 0.015
1.780989 2.668077 0.013
1.903811 3.036345 0.013
2.111826 2.733315 0.013
1.794484 2.55764 0.016
1.976252 3.034539 0.015
2.228975 2.376217 0.017
1.948979 2.977765 0.013
2.010828 2.86586 0.014
1.743184 2.618557 0.015
2.001121 2.754217 0.017
1.920049 2.767907 0.016
2.205178 2.920177 0.02
1.776342 2.648398 0.015
2.010558 2.818848 0.015
1.945872 2.959443 0.016
2.067769 2.995095 0.018
2.011748 2.619114 0.015
2.175201 3.242099 0.015
1.85134 2.766466 0.016
1.87754 2.527533 0.016
1.894877 2.817978 0.014
1.907147 2.759939 0.014
1.837382 2.637386 0.017
1.697699 2.535061 0.014
2.069981 2.775564 0.015
1.818786 2.603312 0.016
1.917404 2.641384 0.014
1.965954 2.904347 0.017
2.012728 3.098063 0.015
2.082617 3.15664 0.016
1.959095 2.849555 0.015
2.08779 2.967792 0.014
1.8178 2.643707 0.016
1.921282 2.53697 0.016
1.708526 2.664684 0.015
1.915123 2.724436 0.016
2.146557 2.80015 0.015
1.955087 2.959455 0.014
1.911221 2.944032 0.014
1.926167 2.366333 0.017
2.04305 2.959375 0.014
1.914048 2.807735 0.014
1.881638 2.727196 0.015
1.794337 2.573824 0.016
1.950258 2.79175 0.016
2.147537 3.024425 0.013
2.034769 3.145128 0.014
1.954094 2.836975 0.014
1.978477 2.565348 0.015
2.143707 2.878522 0.014
1.673111 2.594885 0.016
1.908484 2.856068 0.016
1.979928 2.985373 0.014
1.704309 2.737342 0.015
1.772928 2.604106 0.014
1.923389 2.770404 0.016
1.981194 2.943892 0.014
1.828744 2.757513 0.016
1.93367 2.947274 0.015
2.092691 2.601354 0.016
2.00545 2.665373 0.015
2.064049 2.849815 0.014
2.003238 2.68609 0.016
1.845112 2.669357 0.014
1.959196 2.66411 0.014
1.839977 2.683937 0.016
1.90374 2.943979 0.015
1.902745 2.734235 0.014
2.121254 3.152435 0.014
1.985326 2.68367 0.014
1.828419 2.67943 0.016
1.891923 2.829039 0.015
1.770234 2.488522 0.015
2.100745 2.908351 0.015
1.978275 2.793943 0.013
1.838382 2.721931 0.015
1.980281 2.720557 0.014
1.943335 2.794499 0.017
1.793498 2.587107 0.018
2.15479 2.690698 0.017
1.647373 2.561435 0.014
1.886501 2.453313 0.014
2.076134 2.839614 0.015
1.844221 2.821061 0.013
1.857923 2.727256 0.015
1.990743 3.045014 0.016
2.083882 2.71827 0.016
1.739589 2.718137 0.014
2.092962 2.642523 0.015
1.823295 2.728568 0.013
2.04201 2.780949 0.014
2.018859 3.041122 0.013
2.005419 2.605783 0.014
1.726325 2.612525 0.014
2.167531 3.409671 0.016
1.594918 2.373148 0.015
1.928016 2.731192 0.016
1.888783 2.846862 0.017
2.138372 2.747476 0.015
2.032541 3.008787 0.014
1.973613 2.83185 0.015
1.965951 2.86203 0.031
1.977378 2.870607 0.016
1.89979 2.569695 0.015
1.844148 2.50474 0.014
2.090376 2.8091 0.015
1.9375 2.924204 0.016
1.743754 2.853292 0.015
1.88051 2.871809 0.013
1.950244 2.887979 0.015
1.965893 2.623879 0.015
1.84748 2.74252 0.017
1.879989 2.873811 0.016
1.918088 2.686024 0.015
1.905167 2.906408 0.014
1.863195 2.778682 0.014
1.824633 2.664456 0.015
1.998121 2.977544 0.015
2.00282 3.036804 0.015
1.893388 2.911109 0.017
1.999796 2.662757 0.013
2.257365 3.217069 0.014
1.8036 2.548132 0.014
2.05048 2.936823 0.014
1.869969 2.980164 0.017
1.873402 2.406593 0.016
1.857353 2.741621 0.014
1.706486 2.52202 0.013
1.961 2.714109 0.014
1.688019 2.74644 0.015
2.076349 3.208334 0.014
1.696811 2.774806 0.016
1.958182 2.743487 0.016
1.977256 2.860674 0.015
1.949804 3.027043 0.015
1.700251 2.635734 0.014
1.975397 2.957778 0.013
1.825606 2.666942 0.015
2.022504 2.932752 0.017
2.073514 2.820217 0.015
1.952506 3.024725 0.017
1.917781 2.563895 0.015
1.774246 2.59508 0.014
1.963243 2.977052 0.016
2.050463 3.043677 0.015
1.9669 2.862895 0.021
1.837472 2.793674 0.017
1.950738 2.798995 0.015
2.060609 3.090659 0.015
1.796799 2.589722 0.017
1.87269 2.824646 0.014
1.905548 2.974547 0.015
1.894463 2.772885 0.016
1.904935 2.868231 0.016
2.108688 2.978556 0.015
1.919841 2.975851 0.015
2.033434 2.961249 0.014
1.884611 2.726673 0.016
1.961552 2.968419 0.017
1.987174 2.490962 0.015
1.950674 2.881123 0.015
1.817438 2.875501 0.014
2.021827 2.549086 0.016
1.766876 2.730744 0.016
2.090132 3.020148 0.016
1.763406 2.509065 0.014
2.01017 2.850575 0.015
1.932959 2.805881 0.016
1.65798 2.713515 0.014
1.979607 2.776351 0.014
1.825918 2.808628 0.014
2.029169 2.805294 0.016
1.868011 2.896932 0.013
2.136707 2.793268 0.016
2.023979 2.797604 0.014
1.920548 2.923743 0.016
1.69296 2.671628 0.013
2.124422 2.964779 0.014
2.025492 3.000981 0.014
1.953068 2.877424 0.015
1.704776 2.65913 0.016
1.86487 2.731195 0.015
1.767784 2.591539 0.016
2.018398 2.640783 0.015
1.948086 2.553138 0.015
2.060898 2.993037 0.014
2.103798 2.979015 0.018
2.011027 2.802265 0.014
1.939555 2.855346 0.014
1.92934 2.739933 0.016
2.07537 2.643852 0.017
1.798066 2.729129 0.013
1.912376 2.72799 0.014
1.652157 2.63425 0.016
1.872363 2.839887 0.014
1.748239 2.679216 0.016
1.804214 2.648948 0.016
1.839821 3.025782 0.015
1.844277 2.529755 0.015
1.772157 2.528596 0.014
2.067777 2.983057 0.016
2.139599 3.094861 0.017
1.807563 2.621086 0.016
2.007683 2.856388 0.016
1.933607 2.709588 0.014
1.931285 2.69359 0.014
1.854508 2.39753 0.016
1.937556 2.818401 0.016
2.054286 3.089696 0.014
1.991719 2.822431 0.013
2.084117 2.953088 0.013
2.054814 2.664384 0.016
1.892264 2.98234 0.016
2.052127 2.916368 0.014
2.215265 3.052419 0.014
1.865128 2.685267 0.015
1.748329 2.628069 0.014
1.949744 2.847728 0.014
2.013951 2.817041 0.015
1.809952 2.842703 0.014
1.847124 2.663877 0.015
2.065873 2.957557 0.016
2.049123 2.848837 0.014
2.018934 2.872156 0.015
1.981051 2.782083 0.016
2.020072 2.873393 0.016
1.99473 2.680306 0.014
1.839424 2.754188 0.014
2.101651 2.97186 0.013
1.969138 3.083329 0.014
1.961013 2.929793 0.015
2.272483 2.664935 0.017
1.992448 2.669776 0.014
1.807867 2.722518 0.015
1.958519 2.739357 0.016
1.994167 2.685063 0.015
2.030332 2.945545 0.017
1.981614 3.02546 0.036
1.9753 2.859297 0.015
2.137827 3.147312 0.017
1.854367 2.719089 0.014
2.046832 2.930977 0.017
2.041714 2.862283 0.015
2.024129 2.8444 0.014
1.972929 2.901984 0.013
2.078613 2.361609 0.014
1.894556 2.879206 0.016
1.909723 2.740083 0.015
1.873953 2.757446 0.013
1.853245 2.74247 0.017
2.0098 2.94735 0.014
1.872356 2.678793 0.017
1.806668 2.505626 0.016
1.786977 2.486905 0.015
2.046234 3.031823 0.016
1.722647 2.83938 0.014
1.90539 2.59892 0.014
2.029983 2.820321 0.015
2.032144 3.127391 0.014
1.790593 2.711059 0.016
1.856448 2.793824 0.014
1.815177 2.864711 0.014
1.932984 2.713853 0.016
2.035181 2.733066 0.014
1.991629 3.000393 0.014
2.0797 2.976388 0.015
1.949795 2.653475 0.014
2.124714 3.044026 0.014
2.098518 2.867638 0.017
1.930289 2.537298 0.015
1.918878 2.855605 0.017
1.944982 2.809489 0.015
2.010883 2.822505 0.014
2.009092 2.662594 0.014
2.147653 2.888589 0.016
1.71751 2.545638 0.015
2.129418 3.060995 0.014
1.926125 2.82816 0.013
1.827918 2.843099 0.013
1.817781 2.749428 0.017
2.176123 3.048507 0.017
1.886777 2.670142 0.016
2.002381 2.900667 0.017
1.974885 2.891245 0.015
2.14805 3.008806 0.016
2.117907 3.095018 0.016
1.820393 2.643223 0.015
1.968496 2.672159 0.015
1.920046 2.741516 0.015
2.071964 2.900363 0.015
1.929517 2.542842 0.014
1.959498 2.605528 0.015
1.906596 2.698804 0.017
2.05815 2.875742 0.016
1.842306 2.64941 0.016
1.828194 2.535052 0.017
1.843708 2.792893 0.018
2.033198 3.021413 0.016
2.120076 2.811339 0.017
2.110563 2.932295 0.017
1.951218 2.731578 0.015
1.825587 2.847394 0.014
1.946185 2.903275 0.016
1.898317 2.909588 0.014
1.954071 2.694856 0.015
2.132429 3.272425 0.016
2.088256 2.996374 0.016
1.815105 2.836717 0.014
2.030333 2.73008 0.016
2.022219 2.861924 0.017
2.226537 3.141955 0.014
1.906194 2.63532 0.014
1.943834 2.888162 0.014
1.768186 2.652018 0.016
1.931857 2.893174 0.016
1.639377 2.460766 0.016
2.237209 2.783491 0.014
1.815925 2.904356 0.015
1.891162 2.785923 0.017
1.785466 2.603492 0.014
2.154604 2.94265 0.018
