  192      0        0
  234      0        0
  243      0        0
  300      0        0
  303      0        0
  330      0        0
  339      0        0
  345      0        0
  351      0        0
  356      1        0
  361      0        0
  368      0        0
  381      1        0
  406      1        1
  419      0        0
  430      0        0
  430      0        0
  461      1        1
  464      0        0
  482      1        1
  488      0        0
  494      0        0
  496      0        0
  508      1        1
  517      0        0
  545      1        0
  552      0        0
  553      1        1
  554      0        0
  555      0        0
  555      1        1
  562      1        1
  563      0        0
  564      1        1
  570      1        1
  574      1        1
  583      0        0
  585      1        1
  588      1        1
  593      1        1
  615      1        0
  624      1        1
  626      1        1
  629      0        0
  629      1        1
  638      0        0
  642      0        0
  647      1        1
  656      0        0
  658      1        1
  666      1        1
  668      0        0
  669      0        0
  671      0        0
  675      1        1
  679      1        1
  688      1        1
  690      1        1
  691      1        1
  692      1        1
  694      0        0
  698      1        1
  699      1        1
  701      1        1
  702      1        1
  703      1        1
  707      1        1
  708      1        0
  714      0        0
  717      1        1
  724      1        1
  730      0        0
  731      0        0
  732      0        0
  736      1        1
  748      1        1
  750      1        0
  754      1        1
  756      0        0
  756      0        0
  759      1        1
  770      1        1
  772      1        1
  776      1        1
  776      1        1
  782      0        0
  785      1        1
  789      1        0
  793      0        0
  793      1        1
  800      1        1
  805      0        0
  809      1        1
  811      1        1
  821      0        0
  823      1        1
  828      0        0
  829      1        1
  838      1        0
  841      1        0
  849      1        1
  853      0        0
  853      1        1
  866      1        1
  875      1        0
  883      1        1
  884      1        1
  888      1        1
  899      1        1
